https://codeforces.com/blog/entry/132569

1. distanced coloring
6
3 3 2
5 1 10000
7 3 4
3 2 7
8 9 6
2 5 4

2. removals game
2
2
1 2
1 2
3
1 2 3
2 3 1

3. black circles
7
3
2 5
2 14
10 13
4 9 9 7
3
10 11
6 9
12 12
14 13 4 8
1
5 7
12 6 11 13
2
1000000000 2
2 1000000000
1 1 2 2
1
999999998 1000000000
999999999 999999999 1 1
1
1000000000 1
1 1000000000 1 1
10
989237121 2397081
206669655 527238537
522705783 380636165
532545346 320061691
207818728 199485303
884520552 315781807
992311437 802563521
205138355 324818663
223575704 395073023
281560523 236279118
216941610 572010615 323956540 794523071

4. dfs checker
2
3 3
1 1
1 2 3
2 3
3 2
1 3
7 4
1 1 2 2 3 3
1 2 3 4 5 6 7
3 5
2 5
3 7
4 6


5. cosmic rays：给定长度为n的数组,每秒使得首个元素，及相邻的不等值元素消失前一个，求数组为空的耗时
4
4
2 0
1 1
3 0
5 1
6
4 6
1 3
4 6
4 0
7 6
6 3
7
9 0
7 1
5 0
7 1
9 0
1 1
2 0
10
10 7
4 9
2 2
7 9
2 8
8 5
11 7
15 5
12 7
4 0

6. court blue: 给定i,j,m,n 在满足 gcd(i,j)<=1[i,j 互质]且 i<=m,j<=n的前提下, 使得 i*m+j*n 最大
8
3 4 2 5
4 4 1 4
6 6 2 2
7 9 2 3
8 9 9 1
2 7 1 4
5 9 1 4
5 6 6 7

7. lattice optimizing：给定n*n的矩阵，从(0,0)移动至(n,n),最大化路径上的mex值(不存在与序列中的最大正数)
2
3
1 0 2
0 1 3
2 1
0 3
3 0
3
1 2 0
0 1 2
2 0
1 2
0 1

8. counting 101: 给定长度为n的序列，执行操作：选择相邻三元组，是的首尾元素+1后三元组中的最大元素不超过m；求最大可操作次数

